time	V(vout)*Ix(M2:D)+V(p_gate)*Ix(M2:G)+V(N001)*Ix(M2:S)
0.000000000000000e+000	6.556190e-005
1.953124995068833e-009	6.556620e-005
3.906249990137667e-009	6.557452e-005
7.812499980275334e-009	6.560122e-005
1.562499996055067e-008	6.566345e-005
3.124999992110134e-008	6.575712e-005
6.249999984220267e-008	6.584923e-005
1.249999996844053e-007	6.590501e-005
2.499999993688107e-007	6.591731e-005
2.020114482681941e-006	6.587884e-005
3.790228965995071e-006	6.584413e-005
5.560343449308201e-006	6.581316e-005
7.330457932621332e-006	6.578593e-005
9.100572415934462e-006	6.576246e-005
1.087068689924759e-005	6.574273e-005
1.264080138256072e-005	6.572676e-005
2.522828215278742e-005	6.564436e-005
5.040324369324082e-005	6.558478e-005
1.007531667741476e-004	6.556308e-005
5.470537892140607e-004	6.556213e-005
5.481655635316407e-004	6.259917e-005
5.485408375959262e-004	5.348983e-005
5.486807477047075e-004	4.057037e-005
5.488858187223188e-004	5.110822e-006
5.491168418945631e-004	-4.960942e-005
5.493325569904817e-004	-1.173732e-004
5.497639871823188e-004	-2.893287e-004
5.502999651166542e-004	-5.469868e-004
5.510299559725245e-004	-9.359369e-004
5.518780145405067e-004	-1.351594e-003
5.530767129944571e-004	-1.609366e-003
5.546811967948813e-004	-8.242697e-004
5.551501188166127e-004	-2.453518e-004
5.553755201144498e-004	2.520608e-002
5.554239924657323e-004	9.085188e-002
5.554487502939684e-004	1.972424e-001
5.554725299344723e-004	3.703160e-001
5.555053643520305e-004	6.779679e-001
5.555375312015403e-004	1.051874e+000
5.556018649005597e-004	1.946103e+000
5.556697250507398e-004	3.047974e+000
5.558054453511000e-004	5.490052e+000
5.559506079557560e-004	8.163223e+000
5.561946429797298e-004	1.220608e+001
5.564845477216799e-004	1.552212e+001
5.568954662287916e-004	1.712307e+001
5.570506398678139e-004	1.687945e+001
5.572064124834204e-004	1.634720e+001
5.573618431376244e-004	1.568564e+001
5.573738152699108e-004	1.563697e+001
5.573857874021974e-004	1.558687e+001
5.573977595344838e-004	1.553533e+001
5.574097316667702e-004	1.548233e+001
5.574217037990566e-004	1.542783e+001
5.574336759313431e-004	1.537182e+001
5.574456480636295e-004	1.531426e+001
5.574881924708427e-004	1.510234e+001
5.575498418635520e-004	1.476922e+001
5.576463263089880e-004	1.418357e+001
5.577946785052302e-004	1.312005e+001
5.580292158172242e-004	1.099283e+001
5.583935445870495e-004	6.668834e+000
5.585268823372919e-004	5.054120e+000
5.586266793527655e-004	4.221886e+000
5.587562262448437e-004	3.587170e+000
5.588831433803339e-004	3.173754e+000
5.590233433406299e-004	2.858490e+000
5.592283483013988e-004	2.532271e+000
5.594847927385238e-004	2.246249e+000
5.601942547366081e-004	1.801761e+000
5.606936729903670e-004	1.632008e+000
5.612921870447275e-004	1.497962e+000
5.619537650026769e-004	1.394523e+000
5.622143306275382e-004	1.362640e+000
5.623789014909293e-004	1.345471e+000
5.624734992676441e-004	1.336335e+000
5.626126784761286e-004	1.323649e+000
5.626298137312076e-004	1.322228e+000
5.626469489862867e-004	1.320818e+000
5.626640842413657e-004	1.319417e+000
5.626812194964448e-004	1.318026e+000
5.626983547515238e-004	1.316646e+000
5.627154900066029e-004	1.315275e+000
5.627326252616819e-004	1.313914e+000
5.627511146353224e-004	1.312169e+000
5.628120422899715e-004	1.305899e+000
5.628405377752254e-004	1.303370e+000
5.628823398278426e-004	1.300278e+000
5.629460383423600e-004	1.296612e+000
5.630453830855036e-004	1.292343e+000
5.632059486836872e-004	1.286986e+000
5.634407751621864e-004	1.280256e+000
5.638038160261349e-004	1.270514e+000
5.640590749982286e-004	1.263864e+000
5.641899815546909e-004	1.260354e+000
5.642535792865245e-004	1.257447e+000
5.642725978945632e-004	1.255225e+000
5.642911781491179e-004	1.251994e+000
5.642991575855027e-004	1.250649e+000
5.643069351374689e-004	1.249406e+000
5.643119280331161e-004	1.248648e+000
5.643205985336330e-004	1.247409e+000
5.643294126080320e-004	1.246250e+000
5.643347061418001e-004	1.245594e+000
5.643414530036152e-004	1.244807e+000
5.643499942549851e-004	1.243874e+000
5.643625105901664e-004	1.242641e+000
5.643777326859532e-004	1.241339e+000
5.644011189901543e-004	1.239658e+000
5.644259393297468e-004	1.238232e+000
5.644590970705629e-004	1.236795e+000
5.644958110620178e-004	1.235680e+000
5.645545221813071e-004	1.234525e+000
5.646107889685026e-004	1.233897e+000
5.647233225428938e-004	1.233336e+000
5.648382410325778e-004	1.233115e+000
5.650680780119457e-004	1.233025e+000
5.653933400916372e-004	1.233003e+000
5.660438642510204e-004	1.233003e+000
5.673449125697866e-004	1.233008e+000
5.699470092073191e-004	1.232998e+000
5.751512024823839e-004	1.232992e+000
5.855595890325138e-004	1.232987e+000
6.063763621327735e-004	1.232982e+000
6.480099083332929e-004	1.232977e+000
7.312770007343316e-004	1.232971e+000
8.289332507343315e-004	1.232977e+000
1.038196643591475e-003	1.232975e+000
1.247460036448618e-003	1.232973e+000
1.456723429305761e-003	1.232972e+000
1.665986822162904e-003	1.232971e+000
1.875250215020047e-003	1.232971e+000
2.084513607877190e-003	1.232971e+000
2.293777000734333e-003	1.232971e+000
2.456358002937328e-003	1.232971e+000
2.500000000000001e-003	1.232982e+000
2.504364199706268e-003	1.232971e+000
2.513092599118803e-003	1.232966e+000
1.376810269089425e-002	1.232966e+000
4.306497769089463e-002	1.232966e+000
7.236185269089435e-002	1.232966e+000
7.740234375000001e-002	1.232966e+000
7.750000000000000e-002	1.232966e+000
7.750976562500000e-002	1.232966e+000
7.752929687500000e-002	1.232966e+000
7.775530133928570e-002	1.232966e+000
7.798130580357141e-002	1.232966e+000
7.820731026785710e-002	1.232966e+000
7.843331473214281e-002	1.232966e+000
7.865931919642850e-002	1.232966e+000
7.888532366071421e-002	1.232966e+000
7.911132812499991e-002	1.232966e+000
7.920898437499990e-002	1.232971e+000
7.930664062499990e-002	1.232971e+000
7.940429687499989e-002	1.232992e+000
7.943628331468068e-002	1.239078e+000
7.944923734819802e-002	1.262148e+000
7.945404582929047e-002	1.295396e+000
7.945528154085248e-002	1.315402e+000
7.945609946519734e-002	1.333995e+000
7.945689682075023e-002	1.353670e+000
7.945815732793045e-002	1.387336e+000
7.945967080887452e-002	1.432156e+000
7.946161985930271e-002	1.499789e+000
7.946484890283895e-002	1.639360e+000
7.946832789919130e-002	1.859881e+000
7.947395489226823e-002	2.445701e+000
7.947806029391706e-002	3.234481e+000
7.948104484972902e-002	4.395806e+000
7.948358660447183e-002	6.141594e+000
7.948630599533225e-002	8.492461e+000
7.948864714590842e-002	1.041971e+001
7.949125106978718e-002	1.225699e+001
7.949645891754467e-002	1.502730e+001
7.949790001252091e-002	1.558901e+001
7.949839493526550e-002	1.576585e+001
7.949871610315905e-002	1.587994e+001
7.949886081136662e-002	1.593180e+001
7.949900281955934e-002	1.598305e+001
7.949911215204193e-002	1.602251e+001
7.949919697966371e-002	1.605310e+001
7.949924667926739e-002	1.607103e+001
7.949927012672856e-002	1.607945e+001
7.949927748430764e-002	1.608212e+001
7.949927880905705e-002	1.608259e+001
7.949927909064153e-002	1.608269e+001
7.949927929584968e-002	1.608277e+001
7.949928187032171e-002	1.608370e+001
7.949928444479375e-002	1.608464e+001
7.949928701926577e-002	1.608557e+001
7.949928959373780e-002	1.608650e+001
7.949929216820982e-002	1.608743e+001
7.949929474268186e-002	1.608835e+001
7.949929731715388e-002	1.608928e+001
7.950019220482968e-002	1.641797e+001
7.950108709250547e-002	1.671220e+001
7.950198198018127e-002	1.694764e+001
7.950287686785708e-002	1.709740e+001
7.950377175553287e-002	1.713201e+001
7.950466664320867e-002	1.701948e+001
7.950556153088446e-002	1.672522e+001
7.950986881653102e-002	1.249477e+001
7.951220421279963e-002	7.951381e+000
7.951339135075888e-002	5.113639e+000
7.951434051516680e-002	2.777758e+000
7.951481790516712e-002	1.675255e+000
7.951523263209254e-002	8.318172e-001
7.951545455899507e-002	4.513040e-001
7.951561944504498e-002	2.249569e-001
7.951572724137412e-002	1.099283e-001
7.951580250812533e-002	5.046517e-002
7.951585489379616e-002	2.114099e-002
7.951588922061949e-002	8.260273e-003
7.951591201452271e-002	3.013178e-003
7.951593135553202e-002	7.195645e-004
7.951594598154139e-002	8.764038e-005
7.951595037882814e-002	6.964773e-005
7.951595450508900e-002	8.187441e-005
7.951595986196139e-002	7.218334e-005
7.951596465381679e-002	6.934463e-005
7.951597905551036e-002	7.422278e-005
7.951601540135109e-002	7.608209e-005
7.951605174719181e-002	7.797258e-005
7.951608809303254e-002	7.989436e-005
7.951612443887325e-002	8.184755e-005
7.951616078471398e-002	8.383228e-005
7.951619713055470e-002	8.584865e-005
7.951623347639543e-002	8.789680e-005
7.951733442905250e-002	1.411169e-004
7.951843538170957e-002	1.836046e-004
7.951953633436663e-002	2.169087e-004
7.952063728702369e-002	2.424796e-004
7.952173823968076e-002	2.616693e-004
7.952283919233782e-002	2.757310e-004
7.952394014499489e-002	2.858197e-004
7.952782656579213e-002	2.935847e-004
7.953153089429485e-002	2.775904e-004
7.953540833638798e-002	2.509614e-004
7.953987906888287e-002	2.170345e-004
7.954392660287750e-002	1.879925e-004
7.954819883035269e-002	1.615367e-004
7.955195739217222e-002	1.419802e-004
7.955534561683057e-002	1.274139e-004
7.955837228664922e-002	1.165353e-004
7.956081396206534e-002	1.090886e-004
7.956298369873213e-002	1.033633e-004
7.956479750147461e-002	9.913412e-005
7.956632664259448e-002	9.592595e-005
7.956758004754534e-002	9.352403e-005
7.956862116302817e-002	9.166796e-005
7.956946792762518e-002	9.025313e-005
7.957016667642615e-002	8.913703e-005
7.957073594936096e-002	8.827212e-005
7.957120604739532e-002	8.757281e-005
7.957159231430576e-002	8.702488e-005
7.957218290807266e-002	8.620498e-005
7.957277833228831e-002	8.540027e-005
7.957361548712773e-002	8.433979e-005
7.957445264196715e-002	8.332963e-005
7.957528979680657e-002	8.237024e-005
7.957612695164598e-002	8.146202e-005
7.957696410648540e-002	8.060537e-005
7.957780126132483e-002	7.980065e-005
7.957863841616425e-002	7.904821e-005
7.958044778737854e-002	7.754862e-005
7.958307251086964e-002	7.566909e-005
7.958670663398677e-002	7.356167e-005
7.959203569399805e-002	7.124075e-005
7.959882311310094e-002	6.924150e-005
7.960855220410677e-002	6.752098e-005
7.961922893738892e-002	6.653744e-005
7.963505787030788e-002	6.592186e-005
7.965458414621496e-002	6.565781e-005
7.967976259940272e-002	6.557968e-005
7.972156990214933e-002	6.556303e-005
7.995088130985174e-002	6.556208e-005
8.000000000000000e-002	6.565547e-005
8.000491186901483e-002	6.575066e-005
8.001473560704449e-002	6.572261e-005
8.003184701992705e-002	6.561596e-005
8.004829850955585e-002	6.557903e-005
8.008120148881344e-002	6.556509e-005
8.038357109002987e-002	6.556366e-005
8.068594069124632e-002	6.556255e-005
8.098831029246276e-002	6.556176e-005
8.129067989367919e-002	6.556131e-005
8.159304949489563e-002	6.556118e-005
8.189541909611207e-002	6.556137e-005
8.219778869732851e-002	6.556190e-005
8.688528869732824e-002	6.556190e-005
9.994245239465499e-002	6.556189e-005
1.000000000000000e-001	6.556190e-005
